<?xml version="1.0" encoding="UTF-8"?>
<document version="2.0.0">
  <chunk label="Chunk 1" enabled="true">
    <sensors next_id="1">
      <sensor id="0" label="unknown" type="frame">
        <resolution width="4096" height="4096"/>
        <property name="layer_index" value="0"/>
        <bands>
          <band label="Red"/>
          <band label="Green"/>
          <band label="Blue"/>
        </bands>
        <data_type>uint8</data_type>
        <calibration type="frame" class="adjusted">
          <resolution width="4096" height="4096"/>
          <f>10055.628028852163</f>
          <cx>104.20934105944374</cx>
          <cy>-90.478503019838556</cy>
          <k1>0.053026773700394762</k1>
          <k2>-0.44495050092475114</k2>
          <k3>2.1492923433963997</k3>
          <p1>0.0056813953921660163</p1>
          <p2>-0.0042848608377412042</p2>
        </calibration>
        <covariance>
          <params>f cx cy k1 k2 k3 p1 p2</params>
          <coeffs>1865.5250706065356 -663.29384223756699 -7977.9776167640121 -0.12237200283181379 3.8920730676013959 -28.760865682192165 -0.029876138384617917 -0.012952117987191942 -663.29384223756699 797.2807741378823 3315.0686235215603 -0.10351588158401047 0.6095320604447132 -1.0440207936929853 0.03432019357319515 0.013046306503563617 -7977.9776167640121 3315.0686235215603 39139.87780688746 -0.29597280655428754 -12.539512280109639 117.87205686877635 0.14935673675039784 0.13778790118213308 -0.12237200283181379 -0.10351588158401047 -0.29597280655428754 0.00039812740493983114 -0.0066725733222380438 0.040921640397748253 -4.6156013722875167e-06 -1.469148911874543e-05 3.8920730676013959 0.6095320604447132 -12.539512280109639 -0.0066725733222380438 0.15987559574410154 -1.1035878061509834 2.6847311612803434e-05 4.8076162907850226e-05 -28.760865682192165 -1.0440207936929853 117.87205686877635 0.040921640397748253 -1.1035878061509834 8.0289880312358601 -5.2986252472830528e-05 3.1244365307126699e-05 -0.029876138384617917 0.03432019357319515 0.14935673675039784 -4.6156013722875167e-06 2.6847311612803434e-05 -5.2986252472830528e-05 1.5180376000141426e-06 6.0002523706688134e-07 -0.012952117987191942 0.013046306503563617 0.13778790118213308 -1.469148911874543e-05 4.8076162907850226e-05 3.1244365307126699e-05 6.0002523706688134e-07 1.7987781322613657e-06</coeffs>
        </covariance>
      </sensor>
    </sensors>
    <components next_id="1" active_id="0">
      <component id="0" label="Component 1">
        <region>
          <center>0.4134272741520979 -0.21907630775211751 -14.569453864354445</center>
          <size>6.7605670611063644 8.052603022257486 6.8964547793070476</size>
          <R>0.32309231216953299 -0.047942514578567366 -0.94515230154342267 -0.15672336196014619 -0.98763641992034035 -0.0034770480069346564 -0.93330013695105296 0.14925085374234004 -0.32661144656047891</R>
        </region>
        <partition>
          <camera_ids>0 1 2 3 4 5 6 7 8 9 10 11 12 13 14 15 16 17 18 19 20 21 22 23 24 25 26 27 28 29 30 31 32 33 34 35 36 37 38 39 40 41 42 43 44 45 46 47 48 49 50 51 52 53 54 55 56 57 58 59 60</camera_ids>
        </partition>
      </component>
    </components>
    <cameras next_id="61" next_group_id="0">
      <camera id="0" sensor_id="0" component_id="0" label="00_000001">
        <transform>0.42536525466903191 0.20476957958481687 -0.8815519380030914 12.686058239686798 0.17071595635796555 -0.97473499606974467 -0.14404079172824757 2.0685257673546786 -0.8887746971899767 -0.089225034119200825 -0.44957583444986526 -7.8793283323055112 0 0 0 1</transform>
      </camera>
      <camera id="1" sensor_id="0" component_id="0" label="00_000002">
        <transform>0.14438051863895052 0.22923035443193118 -0.96260464908733889 13.770432567571993 0.17840684220626629 -0.96288591169573312 -0.20253819321763827 2.8782855984721705 -0.97330635695629597 -0.14249268635578471 -0.17991823099279253 -11.614978485078456 0 0 0 1</transform>
        <rotation_covariance>5.0549515506665373e-07 -7.8574510800050451e-07 3.7772914538604678e-06 -7.8574510800050472e-07 1.419928282272603e-06 -6.4996036871622855e-06 3.7772914538604674e-06 -6.4996036871622847e-06 3.1417300217401714e-05</rotation_covariance>
        <location_covariance>9.1129900817179721e-05 -3.0843513665821774e-05 1.5985452228421496e-05 -3.0843513665821774e-05 0.000113375654226642 6.2117576035713254e-06 1.5985452228421496e-05 6.2117576035713254e-06 2.7844878488226106e-05</location_covariance>
      </camera>
      <camera id="2" sensor_id="0" component_id="0" label="00_000003">
        <transform>-0.14950602758903325 0.23866413597965669 -0.95952455826395122 13.691704106312654 0.1682701290808753 -0.95013380822985127 -0.26254696745105566 3.7057968157638199 -0.97433726777417906 -0.2007116754344995 0.10189068637821283 -15.509679237910944 0 0 0 1</transform>
        <rotation_covariance>9.0961724713993405e-06 -6.8513122775098625e-06 3.2260797898414467e-05 -6.8513122775098616e-06 5.3520177433875526e-06 -2.4606332845961081e-05 3.226079789841446e-05 -2.4606332845961081e-05 0.00011611793931988934</rotation_covariance>
        <location_covariance>0.00038477787584431363 -0.00033414761201351091 -1.4935113462363377e-05 -0.00033414761201351091 0.0017928736503610421 0.00028288640955040204 -1.4935113462363377e-05 0.00028288640955040204 0.00010745692489419313</location_covariance>
      </camera>
      <camera id="3" sensor_id="0" component_id="0" label="00_000004">
        <transform>-0.47158058555597437 0.22664224866336963 -0.85220011877932489 12.167070758432352 0.13523664186381829 -0.93638717076993427 -0.32386743756493308 4.5480942353916678 -0.87139130247213359 -0.2679782781090474 0.41093167368508965 -19.766122359408229 0 0 0 1</transform>
        <rotation_covariance>5.5790730645013912e-05 -2.5193991713613533e-05 0.00011628969347986817 -2.5193991713613533e-05 1.1607773798649648e-05 -5.2751785650600983e-05 0.00011628969347986819 -5.2751785650600997e-05 0.00024377313672389918</rotation_covariance>
        <location_covariance>0.00099249568572945296 -0.0015239910090100103 -0.00032261604595831426 -0.0015239910090100103 0.010412204057718021 0.0020203016451242712 -0.00032261604595831426 0.0020203016451242712 0.00049915702665100613</location_covariance>
      </camera>
      <camera id="4" sensor_id="0" component_id="0" label="00_000005">
        <transform>-0.77930389020244495 0.18408339543104837 -0.59899812206876835 8.6316318571270063 0.07147893982984381 -0.92352757984725264 -0.37681238093018932 5.271889065061087 -0.62255618852930561 -0.33646710506088512 0.70655054973852438 -23.819187985012938 0 0 0 1</transform>
        <rotation_covariance>0.0002100371197695933 -6.1366682208642667e-05 0.00027550593394520508 -6.1366682208642667e-05 1.8286097194499825e-05 -8.0736737862561016e-05 0.00027550593394520503 -8.0736737862561016e-05 0.00036262758730067215</rotation_covariance>
        <location_covariance>0.0019387084321331647 -0.0046327312254172233 -0.0013092093021146759 -0.0046327312254172233 0.037984065177266428 0.0082346236565669952 -0.0013092093021146759 0.0082346236565669952 0.0020455559906665381</location_covariance>
      </camera>
      <camera id="5" sensor_id="0" component_id="0" label="00_000006">
        <transform>-0.9214404606932739 0.13985266914386343 -0.3624758037865482 5.3468379583805206 0.016777410728790798 -0.91777319969933568 -0.39675039055164185 5.5405371304383353 -0.38815717935728655 -0.37166326808951666 0.84332699427115188 -25.679352412344453 0 0 0 1</transform>
        <rotation_covariance>0.00039756820282763907 -8.9723301070936676e-05 0.00039184134024267228 -8.972330107093669e-05 2.0687224633469608e-05 -8.867304648807402e-05 0.00039184134024267228 -8.867304648807402e-05 0.00038739432981240774</rotation_covariance>
        <location_covariance>0.0025787819363447418 -0.0077948576377923568 -0.0023935487357601279 -0.0077948576377923568 0.070916785197328067 0.01616437455770784 -0.0023935487357601279 0.01616437455770784 0.0041716764254409395</location_covariance>
      </camera>
      <camera id="6" sensor_id="0" component_id="0" label="00_000007">
        <transform>-0.99309980452215818 0.084979130400066744 -0.080816617440345059 1.4504790609034484 -0.045612846567898428 -0.91477323678517897 -0.40138434634342779 5.5959277271420049 -0.10803817143039766 -0.39492843992046883 0.91233726266987525 -26.598617341254933 0 0 0 1</transform>
        <rotation_covariance>0.00065869908397849842 -0.00011497177600082673 0.00047960793932163523 -0.00011497177600082671 2.0495673381574669e-05 -8.3919347608866286e-05 0.00047960793932163518 -8.3919347608866286e-05 0.00035034235421541092</rotation_covariance>
        <location_covariance>0.0030778055803329265 -0.011447390995325749 -0.0037230158999908645 -0.011447390995325749 0.11621945149697498 0.027566373774297045 -0.0037230158999908645 0.027566373774297045 0.0074148966150765138</location_covariance>
      </camera>
      <camera id="7" sensor_id="0" component_id="0" label="00_000008">
        <transform>-0.97279749871694787 0.020464837665313151 0.23075141800080531 -2.8489693150894801 -0.11073260887602483 -0.9160030621840145 -0.38558615042687494 5.3685305649976112 0.20347804751756235 -0.40064894919223248 0.89335161257457885 -26.299895315597119 0 0 0 1</transform>
        <rotation_covariance>0.00097597622656791236 -0.00012774517933308521 0.00049558228899521703 -0.00012774517933308521 1.7120637751881645e-05 -6.5012576450314302e-05 0.00049558228899521713 -6.5012576450314288e-05 0.00025272974613753748</rotation_covariance>
        <location_covariance>0.0032883365184336487 -0.014989386472374104 -0.005072208166314476 -0.014989386472374104 0.17067781089473699 0.041717338033981761 -0.005072208166314476 0.041717338033981761 0.011681441816908299</location_covariance>
      </camera>
      <camera id="8" sensor_id="0" component_id="0" label="00_000009">
        <transform>-0.89454846877282868 -0.025932973130995546 0.44621801613199646 -5.8154747740437234 -0.15329234679883272 -0.9199683763992359 -0.36077644440603451 5.0231389917050988 0.41986246966011864 -0.39113382278951681 0.81898097611664 -25.252863332540979 0 0 0 1</transform>
        <rotation_covariance>0.0011969122081334888 -0.00012311457923783642 0.00044200410999085677 -0.00012311457923783642 1.3045327192945411e-05 -4.557538830458879e-05 0.00044200410999085688 -4.5575388304588811e-05 0.00016426060060310878</rotation_covariance>
        <location_covariance>0.0031983234443305557 -0.016961360975134405 -0.0058222621138051562 -0.016961360975134405 0.20830179606422178 0.051715585966142154 -0.0058222621138051562 0.051715585966142154 0.014871992829286506</location_covariance>
      </camera>
      <camera id="9" sensor_id="0" component_id="0" label="00_000010">
        <transform>-0.74265673352875505 -0.076257131445437609 0.66531633532336554 -8.8254839277226491 -0.19354220551140902 -0.92665791520717766 -0.32225226588756112 4.4860407763188093 0.64109468164240702 -0.36808960605754842 0.67342976700040547 -23.217590867000975 0 0 0 1</transform>
        <rotation_covariance>0.0014032044373343175 -0.00010244691440673313 0.00031316145603955389 -0.0001024469144067331 7.8454544917355404e-06 -2.2944432860318169e-05 0.00031316145603955405 -2.2944432860318203e-05 7.0898134498058373e-05</rotation_covariance>
        <location_covariance>0.0028291897147733822 -0.018036119789005309 -0.0062318697898213829 -0.018036119789005309 0.24283155381722663 0.061395273079276787 -0.0062318697898213829 0.061395273079276787 0.018207425929919526</location_covariance>
      </camera>
      <camera id="10" sensor_id="0" component_id="0" label="00_000011">
        <transform>-0.54843348271285541 -0.1165591153487317 0.82803060792978433 -11.049962521884432 -0.22049984032649991 -0.93503022270426062 -0.27766581180550176 3.8664583088428697 0.80659812512516793 -0.33486184503275601 0.48710061515648101 -20.624118294937603 0 0 0 1</transform>
        <rotation_covariance>0.0015184284408829274 -6.993601592821826e-05 0.0001420269205879447 -6.9936015928218287e-05 3.6060444598008471e-06 -6.6133316275137351e-06 0.00014202692058794475 -6.6133316275137317e-06 1.4282114890464875e-05</rotation_covariance>
        <location_covariance>0.0022969303013508874 -0.017678205909269228 -0.00607214790565388 -0.017678205909269228 0.26135643934995911 0.067237228266110491 -0.00607214790565388 0.067237228266110491 0.02051962526433802</location_covariance>
      </camera>
      <camera id="11" sensor_id="0" component_id="0" label="00_000012">
        <transform>-0.31291547213519255 -0.14578811009423343 0.93852529760979797 -12.551839222691852 -0.23528498144466928 -0.94545021279080743 -0.22531061368785571 3.1418565566307088 0.92017655088846428 -0.29132408429267953 0.2615442469373791 -17.494700161956949 0 0 0 1</transform>
        <rotation_covariance>0.0015360773095960075 -2.8775340158237062e-05 -5.4481971429648089e-05 -2.877534015823711e-05 9.6350421369049205e-07 9.4826442112076773e-07 -5.4481971429648022e-05 9.4826442112076688e-07 2.9214016664490431e-06</rotation_covariance>
        <location_covariance>0.0017173277063078525 -0.01618537664660866 -0.0054318141113276703 -0.01618537664660866 0.2630901567773456 0.068887017270778172 -0.0054318141113276703 0.068887017270778172 0.021623391603226641</location_covariance>
      </camera>
      <camera id="12" sensor_id="0" component_id="0" label="00_000013">
        <transform>-0.13163541709312576 -0.16015412958762004 0.97827540689866632 -13.08836178200292 -0.23768989757494785 -0.95297494213798828 -0.18799540485849403 2.6279829503017162 0.96238018971585737 -0.2572730347959733 0.087378235329745146 -15.081927688309788 0 0 0 1</transform>
        <rotation_covariance>0.0014852625696353766 7.1109257472552799e-07 -0.00018928134983014458 7.1109257472550025e-07 4.2400116590806101e-07 -1.6282151343455576e-07 -0.00018928134983014461 -1.6282151343456597e-07 2.5111357459074196e-05</rotation_covariance>
        <location_covariance>0.0012955392654304004 -0.014190704616958334 -0.0046430859258681399 -0.014190704616958334 0.25351084543343666 0.067261543977893162 -0.0046430859258681399 0.067261543977893162 0.021549561358722786</location_covariance>
      </camera>
      <camera id="13" sensor_id="0" component_id="0" label="00_000014">
        <transform>0.087615795012338404 -0.16636877530115379 0.98216337901041229 -13.125321352146536 -0.23121801763236471 -0.96242442339762613 -0.14239893809262327 2.0003248693452758 0.96894876066101421 -0.21461747331599429 -0.1227910394163315 -12.172368096353136 0 0 0 1</transform>
        <rotation_covariance>0.0013629443546243117 3.2726225243515095e-05 -0.00032578715697549376 3.2726225243515027e-05 1.2255432405674093e-06 -7.9208102486423605e-06 -0.00032578715697549382 -7.920810248642369e-06 7.8866848223261147e-05</rotation_covariance>
        <location_covariance>0.00090128068552392047 -0.011618912209727576 -0.0035962753561691037 -0.011618912209727576 0.23172220767632723 0.062446148113076999 -0.0035962753561691037 0.062446148113076999 0.020470492947845604</location_covariance>
      </camera>
      <camera id="14" sensor_id="0" component_id="0" label="00_000015">
        <transform>0.29550249290364644 -0.16467568539246996 0.94104207946735885 -12.528612814605166 -0.21577069205856414 -0.97108332820369658 -0.10217718988795707 1.4447122285044685 0.93065637328516659 -0.17285568641312171 -0.32248973090371391 -9.4130248050779013 0 0 0 1</transform>
        <rotation_covariance>0.0011942254120626233 5.6938887289963158e-05 -0.00042077671217378835 5.6938887289963158e-05 3.1814723522245667e-06 -2.0189512556795295e-05 -0.00042077671217378824 -2.0189512556795326e-05 0.00014926509886726975</rotation_covariance>
        <location_covariance>0.00060939525122303097 -0.0087281780122908815 -0.0024779260676083079 -0.0087281780122908815 0.20202579995261741 0.05517452307894341 -0.0024779260676083079 0.05517452307894341 0.018459175093461025</location_covariance>
      </camera>
      <camera id="15" sensor_id="0" component_id="0" label="00_000016">
        <transform>0.51206588447096779 -0.15109523217847443 0.84555234064716456 -11.188070175945798 -0.18867964642975879 -0.98014962410405071 -0.060882718334764552 0.87866184433108929 0.83796689730806584 -0.12836255365807411 -0.53040977916538401 -6.5431604901515943 0 0 0 1</transform>
        <rotation_covariance>0.00096880212927518273 7.2780360176902563e-05 -0.00047465052134489441 7.2780360176902535e-05 5.921194438120142e-06 -3.5786513372545239e-05 -0.00047465052134489436 -3.5786513372545279e-05 0.00023355461005586698</rotation_covariance>
        <location_covariance>0.0004265672396543113 -0.0058024408115894821 -0.0013531692359015882 -0.0058024408115894821 0.16312775026682325 0.045034548438101049 -0.0013531692359015882 0.045034548438101049 0.015423001674101277</location_covariance>
      </camera>
      <camera id="16" sensor_id="0" component_id="0" label="00_000017">
        <transform>0.70491432972171442 -0.12684366855262985 0.69785848959591834 -9.124172615783289 -0.15104306276652518 -0.9881573305963044 -0.027038549866685663 0.41529068445868766 0.69302365107050512 -0.08634682239026692 -0.71572511854762422 -3.9936757315689122 0 0 0 1</transform>
        <rotation_covariance>0.00072471250819394219 7.8064519435094821e-05 -0.0004707561933162562 7.8064519435094821e-05 8.8599938445673638e-06 -5.0843501691351278e-05 -0.0004707561933162563 -5.0843501691351264e-05 0.00030679838746914135</rotation_covariance>
        <location_covariance>0.00035459054035752419 -0.0032141635353096411 -0.00040744849444726957 -0.0032141635353096411 0.12130281699712088 0.033914060456000032 -0.00040744849444726957 0.033914060456000032 0.011939319520809346</location_covariance>
      </camera>
      <camera id="17" sensor_id="0" component_id="0" label="00_000018">
        <transform>0.91524324343617636 -0.072792823830240966 0.39627138446176924 -4.92722824864655 -0.080594332946349101 -0.99674232618506808 0.0030477349150452027 0.0059882101433951515 0.3947586083182491 -0.034726646685202159 -0.91812836856762037 -1.2303853389981163 0 0 0 1</transform>
        <rotation_covariance>0.00038999394704603891 6.6793803004897977e-05 -0.00037131512407763103 6.6793803004897977e-05 1.1869464719356822e-05 -6.373892161177876e-05 -0.00037131512407763097 -6.3738921611778746e-05 0.00035455409299545501</rotation_covariance>
        <location_covariance>0.00037329680736990288 -0.00054697125353210866 0.00045404467754732875 -0.00054697125353210866 0.064500514230493994 0.018488023642255935 0.00045404467754732875 0.018488023642255935 0.0068671309529478248</location_covariance>
      </camera>
      <camera id="18" sensor_id="0" component_id="0" label="00_000019">
        <transform>0.99954439339798706 -0.0016248688120481022 0.030139101313635442 0.14539998604822438 -0.0018013162922058776 -0.99998139343884762 0.0058282103356602222 -0.024717642633248358 0.03012907045139929 -0.0058798450187823592 -0.99952872221677047 -0.15367853891244015 0 0 0 1</transform>
        <rotation_covariance>0.00015288527094297786 4.0715126147414521e-05 -0.00021490330337852772 4.0715126147414528e-05 1.1105918224981675e-05 -5.7372265863391163e-05 -0.00021490330337852772 -5.7372265863391163e-05 0.0003031223481726885</rotation_covariance>
        <location_covariance>0.00036376134837963714 0.00042284223505375867 0.00060197322993987975 0.00042284223505375867 0.024834157663971922 0.0073913114715993666 0.00060197322993987975 0.0073913114715993666 0.0029767675571162173</location_covariance>
      </camera>
      <camera id="19" sensor_id="0" component_id="0" label="00_000020">
        <transform>0.96076131989347102 0.060990511933358249 -0.27058795917531175 4.3011613311424179 0.059884601707700949 -0.99812891357883382 -0.012349346389464555 0.23438602431300382 -0.27083485867750379 -0.0043392778251495345 -0.96261604494891562 -0.70252633898853212 0 0 0 1</transform>
        <rotation_covariance>5.086775952487149e-05 1.9937969985906943e-05 -0.00010196393807758333 1.9937969985906943e-05 8.0119221076582625e-06 -4.0116222593385408e-05 -0.00010196393807758334 -4.0116222593385415e-05 0.00020547427385177023</rotation_covariance>
        <location_covariance>0.00028992602274252155 0.00041045181245797112 0.00041729990847806577 0.00041045181245797112 0.0080586824613049762 0.0025184086570699919 0.00041729990847806577 0.0025184086570699919 0.0011297875404861196</location_covariance>
      </camera>
      <camera id="20" sensor_id="0" component_id="0" label="00_000021">
        <transform>0.81653110023078279 0.12634798959323207 -0.56330555463412102 8.3318334309377828 0.11703242822644652 -0.99172361723050773 -0.052798463714954891 0.80050637201354802 -0.56531440199178373 -0.02281342922460966 -0.82455998832570421 -2.6509559483272009 0 0 0 1</transform>
        <rotation_covariance>8.1836629489294492e-06 5.3997614028135064e-06 -2.685405818460918e-05 5.3997614028135081e-06 3.7166620566945771e-06 -1.790121637257589e-05 -2.6854058184609187e-05 -1.7901216372575893e-05 8.9337998845661769e-05</rotation_covariance>
        <location_covariance>0.00015313313068290803 0.00016049555070919643 0.00016491807456023823 0.00016049555070919643 0.0012291026649656049 0.00043170839035157511 0.00016491807456023823 0.00043170839035157511 0.00024394388417332057</location_covariance>
      </camera>
      <camera id="21" sensor_id="0" component_id="0" label="00_000022">
        <transform>0.62033439326854611 0.17468342195397804 -0.76463778524383352 11.092375539878836 0.15285351078398349 -0.98311634092138334 -0.10058859008039261 1.4650721033844054 -0.76929906068391674 -0.054479007955350531 -0.63656185317928426 -5.2768527055230319 0 0 0 1</transform>
        <rotation_covariance>4.5081832698775283e-07 5.7834350642790049e-07 -2.8313462284110921e-06 5.7834350642790018e-07 8.4759281683359808e-07 -3.8870439188450658e-06 -2.8313462284110938e-06 -3.8870439188450658e-06 1.9146022923665098e-05</rotation_covariance>
        <location_covariance>4.275909905451422e-05 2.3740236023476103e-05 2.6434394303315941e-05 2.3740236023476103e-05 5.8993751712185685e-05 2.7561438307740508e-05 2.6434394303315941e-05 2.7561438307740508e-05 2.903319395556588e-05</location_covariance>
      </camera>
      <camera id="22" sensor_id="0" component_id="0" label="00_000023">
        <transform>0.51707716748613719 0.19277228382713615 -0.83394846930286048 12.03736923794888 0.16396361288204764 -0.97857330521146924 -0.12454003363644656 1.7971188038876582 -0.84008757669375156 -0.072340396152988401 -0.5376055529561139 -6.6554125465525473 0 0 0 1</transform>
        <rotation_covariance>4.3860545241332169e-08 6.9876384474070933e-08 -3.3636179574614378e-07 6.9876384474070947e-08 1.931508004542571e-07 -8.1410618245034121e-07 -3.3636179574614357e-07 -8.14106182450341e-07 3.9871810895862857e-06</rotation_covariance>
        <location_covariance>1.0578114892704445e-05 3.532480422246346e-06 4.0517857814874572e-06 3.532480422246346e-06 5.5207221510221261e-06 2.2775199269363385e-06 4.0517857814874572e-06 2.2775199269363385e-06 6.5148981807465603e-06</location_covariance>
      </camera>
      <camera id="23" sensor_id="0" component_id="0" label="00_000024">
        <transform>0.35228852525392618 0.21322537216817689 -0.91127807810687278 13.087534324688331 0.17457103681631064 -0.97158288357536038 -0.15984884562693938 2.2877393755298696 -0.91946601246554649 -0.10276984483363477 -0.37950047551166322 -8.8510930897504316 0 0 0 1</transform>
        <rotation_covariance>1.085127704667063e-08 -4.8475801278910545e-09 2.4073561071968634e-08 -4.8475801278910462e-09 1.2104629408478998e-07 -4.8083491515399486e-07 2.4073561071968714e-08 -4.8083491515399465e-07 2.3315205460725944e-06</rotation_covariance>
        <location_covariance>6.5085927420424202e-06 2.0506444082380706e-07 1.0122130207908594e-06 2.0506444082380706e-07 2.09124537836618e-06 -4.6816277934519441e-07 1.0122130207908594e-06 -4.6816277934519441e-07 4.7937607045413239e-06</location_covariance>
      </camera>
      <camera id="24" sensor_id="0" component_id="0" label="00_000025">
        <transform>0.1599052296427137 0.22850668777161781 -0.96032026489945277 13.740393422345564 0.1783875775288106 -0.96351068516214311 -0.1995621000134542 2.8371211521180242 -0.9708801108871854 -0.1393981822766055 -0.19483315185477218 -11.409006285586413 0 0 0 1</transform>
        <rotation_covariance>3.9983358155783781e-07 -6.5654008598768745e-07 3.1542724058475155e-06 -6.5654008598768766e-07 1.2771653819798669e-06 -5.8375466995356599e-06 3.1542724058475159e-06 -5.8375466995356591e-06 2.8238403889963869e-05</rotation_covariance>
        <location_covariance>8.0594042434951963e-05 -2.4443946426159492e-05 1.4936064137406602e-05 -2.4443946426159492e-05 9.1188796191611401e-05 4.3997674712054428e-06 1.4936064137406602e-05 4.3997674712054428e-06 2.5552961303130412e-05</location_covariance>
      </camera>
      <camera id="25" sensor_id="0" component_id="0" label="00_000026">
        <transform>-0.027659515632003806 0.23724731259079665 -0.97105543809992989 13.86366817471348 0.1745851031616921 -0.95534997017457879 -0.23838304520551007 3.371907202449882 -0.98425352066884897 -0.1761253734016649 -0.014995329109420308 -13.895855586882071 0 0 0 1</transform>
        <rotation_covariance>3.4848047884263109e-06 -3.3808770049816376e-06 1.6050530397971729e-05 -3.3808770049816376e-06 3.4673969099667214e-06 -1.5949636497197619e-05 1.6050530397971729e-05 -1.5949636497197619e-05 7.5944522044665814e-05</rotation_covariance>
        <location_covariance>0.00023530595854886615 -0.00015089788626174204 1.3550288255647161e-05 -0.00015089788626174204 0.00071596466688834449 9.466186406757302e-05 1.3550288255647161e-05 9.466186406757302e-05 6.222945430207643e-05</location_covariance>
      </camera>
      <camera id="26" sensor_id="0" component_id="0" label="00_000027">
        <transform>-0.23068054759550516 0.23808758707027408 -0.94345152808403077 13.457428832250793 0.16231381929547742 -0.94660097117549968 -0.2785692471097922 3.9254424121205398 -0.9593960126177058 -0.21739572731002788 0.17971752480098047 -16.582905039058556 0 0 0 1</transform>
        <rotation_covariance>1.5488313692252161e-05 -1.0104052197777774e-05 4.7290562672188122e-05 -1.0104052197777774e-05 6.7880543007780481e-06 -3.1130047790297485e-05 4.7290562672188122e-05 -3.1130047790297485e-05 0.00014597600582077274</rotation_covariance>
        <location_covariance>0.00050651537720409275 -0.00051903240823243028 -5.4025322899580967e-05 -0.00051903240823243028 0.0030023490406002377 0.00051023899891550228 -5.4025322899580967e-05 0.00051023899891550228 0.00015791827891460341</location_covariance>
      </camera>
      <camera id="27" sensor_id="0" component_id="0" label="00_000028">
        <transform>-0.39216488803293847 0.2319056521883644 -0.89018339069946828 12.702861072971132 0.14572993497507916 -0.93981862622794998 -0.3090367872069073 4.3454842879290441 -0.90827830902552775 -0.25091974469558476 0.33476827071219051 -18.71970254172874 0 0 0 1</transform>
        <rotation_covariance>3.7910911840963638e-05 -1.9173112071844563e-05 8.9049003199639549e-05 -1.9173112071844559e-05 9.9244321344980258e-06 -4.5290328667109277e-05 8.9049003199639549e-05 -4.5290328667109291e-05 0.00021062485285693654</rotation_covariance>
        <location_covariance>0.0008112338784278918 -0.0011021026138044378 -0.00020202706097299377 -0.0011021026138044378 0.0071476658063780061 0.00133617931357115 -0.00020202706097299377 0.00133617931357115 0.00034330069785530013</location_covariance>
      </camera>
      <camera id="28" sensor_id="0" component_id="0" label="00_000029">
        <transform>-0.48742725258990982 0.22524355958764969 -0.84361129218197239 12.046444581087272 0.13284646602454497 -0.9357770117216917 -0.32660863552271741 4.5862926986971182 -0.8629985457099224 -0.27126872874975227 0.42620040697429179 -19.977119642616593 0 0 0 1</transform>
        <rotation_covariance>6.002294147402127e-05 -2.6499655152562895e-05 0.00012227401114095886 -2.6499655152562899e-05 1.1933599614622595e-05 -5.4221749527077253e-05 0.00012227401114095883 -5.4221749527077233e-05 0.0002504670880587635</rotation_covariance>
        <location_covariance>0.0010323871669647563 -0.0016237481162057858 -0.00035163358495092284 -0.0016237481162057858 0.0111824588874252 0.0021832743758375315 -0.00035163358495092284 0.0021832743758375315 0.00053707253173235854</location_covariance>
      </camera>
      <camera id="29" sensor_id="0" component_id="0" label="00_000030">
        <transform>-0.57195356508087181 0.21683969683710083 -0.79110660802882671 11.310252459898715 0.11891921650870939 -0.93232019910825648 -0.34152198506054604 4.7906911715955758 -0.81162019401702656 -0.28941249491052623 0.50745745482102123 -21.092906982058466 0 0 0 1</transform>
        <rotation_covariance>8.7680463691112892e-05 -3.4388157095229352e-05 0.00015790933738150169 -3.4388157095229352e-05 1.374104242705323e-05 -6.2165504340064461e-05 0.00015790933738150172 -6.2165504340064474e-05 0.00028571560542582939</rotation_covariance>
        <location_covariance>0.0012578498215309942 -0.0022417204327809894 -0.00053727929211245737 -0.0022417204327809894 0.016180762125811772 0.0032624941370604814 -0.00053727929211245737 0.0032624941370604814 0.00079319385200972317</location_covariance>
      </camera>
      <camera id="30" sensor_id="0" component_id="0" label="00_000031">
        <transform>-0.67312219185704114 0.20384577360610026 -0.71088213890384311 10.187476185784522 0.098354791808883513 -0.92804491831480651 -0.35924777594063972 5.0315740437139853 -0.73296169733336236 -0.311736315133472 0.60463842093370257 -22.424463134864233 0 0 0 1</transform>
        <rotation_covariance>0.00013499091599202879 -4.5993948019097027e-05 0.00020935454700656475 -4.5993948019097027e-05 1.5985107053042853e-05 -7.1571889696216178e-05 0.0002093545470065648 -7.1571889696216205e-05 0.00032596930643367033</rotation_covariance>
        <location_covariance>0.0015641892909617069 -0.00321675011160926 -0.00084279709758712171 -0.00321675011160926 0.02467153963142555 0.0051562310935507208 -0.00084279709758712171 0.0051562310935507208 0.0012604550577117789</location_covariance>
      </camera>
      <camera id="31" sensor_id="0" component_id="0" label="00_000032">
        <transform>-0.75512371858917127 0.18922846756671277 -0.62767886429799113 9.0307451213976986 0.078163492198662698 -0.92462083229176906 -0.37278249017273601 5.2179053093412762 -0.65090601327025099 -0.33055847221698859 0.68341236331675914 -23.504722350272733 0 0 0 1</transform>
        <rotation_covariance>0.00018986312852607622 -5.7491871945523206e-05 0.00025918977772120775 -5.7491871945523213e-05 1.7761398245849972e-05 -7.8727061737963842e-05 0.0002591897777212078 -7.8727061737963842e-05 0.00035508170679529128</rotation_covariance>
        <location_covariance>0.0018497911296525636 -0.0042691385624848968 -0.0011868500179745957 -0.0042691385624848968 0.034418622104579993 0.0073991963685273122 -0.0011868500179745957 0.0073991963685273122 0.0018300858711149568</location_covariance>
      </camera>
      <camera id="32" sensor_id="0" component_id="0" label="00_000033">
        <transform>-0.83408937884921408 0.17045815295630165 -0.52463218180136284 7.5986548999578059 0.053882665399666289 -0.9213353859767468 -0.38501657745674445 5.3847155190499745 -0.54899140836661542 -0.34940681824744607 0.75929132018075651 -24.540506545859767 0 0 0 1</transform>
        <rotation_covariance>0.00026512546457289795 -7.0866388885193411e-05 0.00031573226500046481 -7.0866388885193384e-05 1.931880917445931e-05 -8.4633982393503285e-05 0.00031573226500046481 -8.4633982393503271e-05 0.00037722692572953034</rotation_covariance>
        <location_covariance>0.0021639471435499209 -0.0056185400435416737 -0.0016414803602185523 -0.0056185400435416737 0.047700792668161511 0.010535353669558328 -0.0016414803602185523 0.010535353669558328 0.0026485092577970579</location_covariance>
      </camera>
      <camera id="33" sensor_id="0" component_id="0" label="00_000034">
        <transform>-0.88140028392437197 0.15566007309967075 -0.44598596518348232 6.5054526574366758 0.035889302791614917 -0.9193487850415859 -0.39180322789340427 5.4752414346274634 -0.47100477433160798 -0.36134160165301277 0.80472774866514118 -25.157273137833617 0 0 0 1</transform>
        <rotation_covariance>0.00032740320926071882 -8.0402286680425012e-05 0.00035472572766810423 -8.0402286680425012e-05 2.0149750766854822e-05 -8.7354145153005884e-05 0.00035472572766810428 -8.7354145153005871e-05 0.00038554183169695999</rotation_covariance>
        <location_covariance>0.0023757299639475954 -0.0066669344840836484 -0.0020016394801958149 -0.0066669344840836484 0.058640458248967152 0.013168749946494029 -0.0020016394801958149 0.013168749946494029 0.0033539167694954649</location_covariance>
      </camera>
      <camera id="34" sensor_id="0" component_id="0" label="00_000035">
        <transform>-0.93063441221214815 0.13566123939005037 -0.33987588754382747 5.0330196853422482 0.011586137628653428 -0.9173605854642386 -0.39788857441695791 5.5560741595996772 -0.3657668003269281 -0.3742266483881988 0.85215553944965738 -25.799426651264728 0 0 0 1</transform>
        <rotation_covariance>0.00041717305468233278 -9.2178533509626245e-05 0.00040106445770683697 -9.2178533509626218e-05 2.0811440636860215e-05 -8.8860439041778505e-05 0.00040106445770683697 -8.8860439041778518e-05 0.0003867701530059002</rotation_covariance>
        <location_covariance>0.0026274552924813589 -0.0080886516890184453 -0.0024990733074136285 -0.0080886516890184453 0.07434721033861437 0.017017746078249182 -0.0024990733074136285 0.017017746078249182 0.0044087342622086525</location_covariance>
      </camera>
      <camera id="35" sensor_id="0" component_id="0" label="00_000036">
        <transform>-0.96455205372636477 0.11599493813363901 -0.23703271921746363 3.61019873250422 -0.0115886932737162 -0.91596839983411371 -0.40108302468883017 5.5972649711739653 -0.26363808116518261 -0.38411855569954723 0.88484343096778117 -26.237354063474776 0 0 0 1</transform>
        <rotation_covariance>0.00050960012108542101 -0.00010226997697264008 0.0004384008677842425 -0.00010226997697264008 2.0969331450565767e-05 -8.8210663907517203e-05 0.00043840086778424234 -8.8210663907517203e-05 0.00037831434851729817</rotation_covariance>
        <location_covariance>0.0028367995282674043 -0.0094533654592401581 -0.0029895940221789314 -0.0094533654592401581 0.090416373368831682 0.021025253654643548 -0.0029895940221789314 0.021025253654643548 0.0055329943075676296</location_covariance>
      </camera>
      <camera id="36" sensor_id="0" component_id="0" label="00_000037">
        <transform>-0.98784285796126881 0.093960189837067207 -0.1238465611177586 2.04456560865271 -0.036639191286771733 -0.91494705000650889 -0.4019072845150215 5.6039788441791245 -0.15107633049807564 -0.39248360272776911 0.90726653413044334 -26.531848428461309 0 0 0 1</transform>
        <rotation_covariance>0.00061665730882038393 -0.00011188603272543595 0.0004702062030006202 -0.00011188603272543591 2.0742525950106084e-05 -8.5529664856525683e-05 0.00047020620300062025 -8.5529664856525697e-05 0.00035967647556045139</rotation_covariance>
        <location_covariance>0.0030207130924096489 -0.010907014361550655 -0.0035228813730555646 -0.010907014361550655 0.10896037542793506 0.025719248482880184 -0.0035228813730555646 0.025719248482880184 0.0068791077779417741</location_covariance>
      </camera>
      <camera id="37" sensor_id="0" component_id="0" label="00_000038">
        <transform>-0.99737331496474879 0.071314347193684652 -0.012678110291623674 0.5075494802546161 -0.060320277459063841 -0.91466867679532482 -0.39967821533922837 5.5713534566844469 -0.040099061379158606 -0.39786363942163339 0.91656783147930909 -26.650388862009496 0 0 0 1</transform>
        <rotation_covariance>0.00072636840346846363 -0.00011939743155983912 0.00049117804882114308 -0.00011939743155983913 2.00374830704212e-05 -8.0930089317849096e-05 0.00049117804882114319 -8.0930089317849069e-05 0.00033325996569922201</rotation_covariance>
        <location_covariance>0.0031534725850739524 -0.012274665472460209 -0.0040350751119890369 -0.012274665472460209 0.12791579919688192 0.030576014473022092 -0.0040350751119890369 0.030576014473022092 0.008300960071268855</location_covariance>
      </camera>
      <camera id="38" sensor_id="0" component_id="0" label="00_000039">
        <transform>-0.99547027711935532 0.052168312772098706 0.079482038942308431 -0.76428702487087352 -0.079547284352766173 -0.91488532905717623 -0.39579927264718684 5.514339570406154 0.052068771101441556 -0.40032899197841532 0.91489099965926601 -26.615850331567241 0 0 0 1</transform>
        <rotation_covariance>0.00081980144899861595 -0.00012383927922257631 0.00049997585734167882 -0.00012383927922257623 1.910320573224062e-05 -7.5700336875334428e-05 0.0004999758573416786 -7.5700336875334428e-05 0.0003060262511341908</rotation_covariance>
        <location_covariance>0.0032344332355941259 -0.01337595462242596 -0.0044493705795457163 -0.01337595462242596 0.14397208835408512 0.034719067120083213 -0.0044493705795457163 0.034719067120083213 0.0095371995305062462</location_covariance>
      </camera>
      <camera id="39" sensor_id="0" component_id="0" label="00_000040">
        <transform>-0.9776167483995073 0.025425156808544874 0.20885175280575222 -2.5488919606482749 -0.10648988716878341 -0.91592370475503671 -0.38696727380824913 5.3900303071437694 0.18145356755807779 -0.40054628754873006 0.89812987610443995 -26.371609625635216 0 0 0 1</transform>
        <rotation_covariance>0.00095321983743993353 -0.0001274129519177779 0.00049778299300956889 -0.00012741295191777787 1.742641186436603e-05 -6.6687211657623821e-05 0.00049778299300956878 -6.6687211657623835e-05 0.00026102796070828088</rotation_covariance>
        <location_covariance>0.0032914891141641645 -0.014802288216246927 -0.0049935447620187761 -0.014802288216246927 0.16686072879144664 0.040690553224748897 -0.0049935447620187761 0.040690553224748897 0.011359196668285916</location_covariance>
      </camera>
      <camera id="40" sensor_id="0" component_id="0" label="00_000041">
        <transform>-0.94929377284451166 0.0029582507205715668 0.3143764965631296 -4.0023173558053831 -0.12769010630026134 -0.91739323815655671 -0.37694148529666371 5.2496641457506978 0.28729178476187101 -0.39797097298333362 0.87125342758065338 -25.989123709575971 0 0 0 1</transform>
        <rotation_covariance>0.0010624873641614276 -0.00012730483618160075 0.00048201222447626427 -0.00012730483618160075 1.5651398932470676e-05 -5.7886009762696071e-05 0.00048201222447626427 -5.7886009762696071e-05 0.00021973268436671059</rotation_covariance>
        <location_covariance>0.0032896464665494265 -0.015863910459627328 -0.0054013530125162192 -0.015863910459627328 0.18550285227356109 0.045613739809073212 -0.0054013530125162192 0.045613739809073212 0.012902681303209667</location_covariance>
      </camera>
      <camera id="41" sensor_id="0" component_id="0" label="00_000042">
        <transform>-0.89221249169572991 -0.027041068657060144 0.45080555705091002 -5.878873629742337 -0.15413540384636362 -0.92003590937725765 -0.36024464289907299 5.0156251027250018 0.42449870075562723 -0.39089986705324742 0.81669954511713638 -25.220807574350069 0 0 0 1</transform>
        <rotation_covariance>0.0012015322492613064 -0.00012291251790001002 0.0004401662376927982 -0.00012291251790000999 1.2953498350105363e-05 -4.5137933966414676e-05 0.00044016623769279809 -4.5137933966414662e-05 0.00016228316894732758</rotation_covariance>
        <location_covariance>0.0031909637650861002 -0.016981321998734453 -0.0058321328234907594 -0.016981321998734453 0.20908084139368158 0.051933242972673758 -0.0058321328234907594 0.051933242972673758 0.014944336998585564</location_covariance>
      </camera>
      <camera id="42" sensor_id="0" component_id="0" label="00_000043">
